21
Phyllostomus_discolor     0.0000000 0.2180723 0.1368028 0.2261164 0.2068066 0.1110792 0.1931534 0.1102989 0.1391354 0.2118282 0.2039408 0.0406925 0.2060680 0.2234197 0.2202075 0.2196226 0.1997648 0.1969795 0.2188348 0.1964161 0.2253634 
Pteropus_alecto           0.2180723 0.0000000 0.1825952 0.1742186 0.1342894 0.1824846 0.1219870 0.1810784 0.1260321 0.1606371 0.1531550 0.2241205 0.1505323 0.1402546 0.0072890 0.1743407 0.1390644 0.1420670 0.0065472 0.1351002 0.0360078 
Desmodus_rotundus         0.1368028 0.1825952 0.0000000 0.2006932 0.1640301 0.0998654 0.1717766 0.1056110 0.1223363 0.1882203 0.1835366 0.1392107 0.1743412 0.1930352 0.1856347 0.1980720 0.1632739 0.1631490 0.1844658 0.1631369 0.1913108 
Pipistrellus_kuhlii       0.2261164 0.1742186 0.2006932 0.0000000 0.1426675 0.1964821 0.1660912 0.2012197 0.1517345 0.1000008 0.0939800 0.2274876 0.0906321 0.1865696 0.1768687 0.1176550 0.1312059 0.0798123 0.1760806 0.0512431 0.1842366 
Molossus_molossus         0.2068066 0.1342894 0.1640301 0.1426675 0.0000000 0.1630563 0.1331695 0.1737015 0.1108841 0.1133642 0.1156285 0.2096699 0.1095066 0.1441976 0.1353356 0.1251161 0.1062175 0.1037579 0.1338377 0.1049730 0.1374751 
Artibeus_jamaicensis      0.1110792 0.1824846 0.0998654 0.1964821 0.1630563 0.0000000 0.1962642 0.0733418 0.1313503 0.1908024 0.1765028 0.1043920 0.1785345 0.2004630 0.1843692 0.1939511 0.1610367 0.1661432 0.1839862 0.1613580 0.1915654 
Hipposideros_armiger      0.1931534 0.1219870 0.1717766 0.1660912 0.1331695 0.1962642 0.0000000 0.1993785 0.1354715 0.1549848 0.1524771 0.1870334 0.1516890 0.0805179 0.1212770 0.1697287 0.1365531 0.1446700 0.1207185 0.1362974 0.1311189 
Sturnira_hondurensis      0.1102989 0.1810784 0.1056110 0.2012197 0.1737015 0.0733418 0.1993785 0.0000000 0.1380441 0.2011193 0.1812872 0.1053651 0.1892409 0.2010164 0.1832422 0.2071211 0.1655047 0.1714638 0.1834472 0.1661100 0.1912199 
Pteronotus_mesoamericanus 0.1391354 0.1260321 0.1223363 0.1517345 0.1108841 0.1313503 0.1354715 0.1380441 0.0000000 0.1418111 0.1385049 0.1404293 0.1265886 0.1457306 0.1248174 0.1506913 0.1058087 0.1185495 0.1249041 0.1147756 0.1296098 
Myotis_lucifugus          0.2118282 0.1606371 0.1882203 0.1000008 0.1133642 0.1908024 0.1549848 0.2011193 0.1418111 0.0000000 0.0225357 0.2211876 0.0306288 0.1679183 0.1616296 0.0481186 0.1215468 0.0371733 0.1614533 0.0513234 0.1705009 
Myotis_myotis             0.2039408 0.1531550 0.1835366 0.0939800 0.1156285 0.1765028 0.1524771 0.1812872 0.1385049 0.0225357 0.0000000 0.2119832 0.0179090 0.1693623 0.1545543 0.0330060 0.1162358 0.0366357 0.1540486 0.0536638 0.1623811 
Phyllostomus_hastatus     0.0406925 0.2241205 0.1392107 0.2274876 0.2096699 0.1043920 0.1870334 0.1053651 0.1404293 0.2211876 0.2119832 0.0000000 0.2078555 0.2266402 0.2260137 0.2375067 0.1982895 0.1995947 0.2243348 0.1950279 0.2259873 
Myotis_daubentonii        0.2060680 0.1505323 0.1743412 0.0906321 0.1095066 0.1785345 0.1516890 0.1892409 0.1265886 0.0306288 0.0179090 0.2078555 0.0000000 0.1601512 0.1531287 0.0310393 0.1100311 0.0293403 0.1521461 0.0505814 0.1585831 
Rhinolophus_ferrumequinum 0.2234197 0.1402546 0.1930352 0.1865696 0.1441976 0.2004630 0.0805179 0.2010164 0.1457306 0.1679183 0.1693623 0.2266402 0.1601512 0.0000000 0.1417247 0.1799849 0.1532525 0.1527736 0.1410226 0.1508123 0.1494084 
Pteropus_giganteus        0.2202075 0.0072890 0.1856347 0.1768687 0.1353356 0.1843692 0.1212770 0.1832422 0.1248174 0.1616296 0.1545543 0.2260137 0.1531287 0.1417247 0.0000000 0.1764815 0.1416463 0.1441511 0.0023613 0.1368763 0.0376997 
Myotis_davidii            0.2196226 0.1743407 0.1980720 0.1176550 0.1251161 0.1939511 0.1697287 0.2071211 0.1506913 0.0481186 0.0330060 0.2375067 0.0310393 0.1799849 0.1764815 0.0000000 0.1366148 0.0532370 0.1760408 0.0616376 0.1792418 
Miniopterus_natalensis    0.1997648 0.1390644 0.1632739 0.1312059 0.1062175 0.1610367 0.1365531 0.1655047 0.1058087 0.1215468 0.1162358 0.1982895 0.1100311 0.1532525 0.1416463 0.1366148 0.0000000 0.1003276 0.1413470 0.0962909 0.1493071 
Myotis_brandtii           0.1969795 0.1420670 0.1631490 0.0798123 0.1037579 0.1661432 0.1446700 0.1714638 0.1185495 0.0371733 0.0366357 0.1995947 0.0293403 0.1527736 0.1441511 0.0532370 0.1003276 0.0000000 0.1444678 0.0452189 0.1523232 
Pteropus_vampyrus         0.2188348 0.0065472 0.1844658 0.1760806 0.1338377 0.1839862 0.1207185 0.1834472 0.1249041 0.1614533 0.1540486 0.2243348 0.1521461 0.1410226 0.0023613 0.1760408 0.1413470 0.1444678 0.0000000 0.1359635 0.0368735 
Eptesicus_fuscus          0.1964161 0.1351002 0.1631369 0.0512431 0.1049730 0.1613580 0.1362974 0.1661100 0.1147756 0.0513234 0.0536638 0.1950279 0.0505814 0.1508123 0.1368763 0.0616376 0.0962909 0.0452189 0.1359635 0.0000000 0.1427490 
Rousettus_aegyptiacus     0.2253634 0.0360078 0.1913108 0.1842366 0.1374751 0.1915654 0.1311189 0.1912199 0.1296098 0.1705009 0.1623811 0.2259873 0.1585831 0.1494084 0.0376997 0.1792418 0.1493071 0.1523232 0.0368735 0.1427490 0.0000000 
